          63
         215
         109
          25
         200
         238
         255
         254
          89
          70
         124
         249
         111
         214
         123
         200
         147
         148
         246
          88
          83
          90
         233
          41
         126
          16
         181
         252
         120
         229
         131
         250
           8
          45
         103
         249
          25
         138
          20
          28
          12
         141
         125
          28
         232
         144
           7
           4
         241
          61
         201
         193
         106
          13
          77
          52
         201
         229
          85
         238
         201
         198
          48
          95
         240
          60
         183
          71
         233
         246
         207
         101
         205
         190
          80
         194
         138
          33
          76
         159
         252
         136
         102
         231
          30
          28
          37
          92
         124
          56
         226
          68
         220
         198
          53
         138
         140
          98
          77
         184
         212
          29
          36
         130
          46
          69
         246
          57
         190
         172
          78
          13
         121
          33
         172
         178
         182
          23
          44
         127
         120
         221
          91
         231
          71
         113
         192
          86
          86
          59
         221
         147
          66
         150
         153
          30
         108
         172
         147
          42
          78
          46
         185
         244
           5
          68
         228
         129
           8
         165
